## Adders

### Cuccaro Adder
| n | Width | Total Gates | Total Depth | Toffoli Count | Toffoli Depth |
|---|-------|-------------|-------------|---------------|---------------|
| 8 | 17 | 72 | 36 | 16 | 16 |
| 16 | 33 | 144 | 68 | 32 | 32 |
| 32 | 65 | 288 | 132 | 64 | 64 |
| 64 | 129 | 576 | 260 | 128 | 128 |
| 128 | 257 | 1152 | 516 | 256 | 256 |
| 256 | 513 | 2304 | 1028 | 512 | 512 |
| 512 | 1025 | 4608 | 2052 | 1024 | 1024 |
| 1024 | 2049 | 9216 | 4100 | 2048 | 2048 |

### TKK Adder
| n | Width | Total Gates | Total Depth | Toffoli Count | Toffoli Depth |
|---|-------|-------------|-------------|---------------|---------------|
| 8 | 17 | 50 | 37 | 15 | 15 |
| 16 | 33 | 106 | 77 | 31 | 31 |
| 32 | 65 | 218 | 157 | 63 | 63 |
| 64 | 129 | 442 | 317 | 127 | 127 |
| 128 | 257 | 890 | 637 | 255 | 255 |
| 256 | 513 | 1786 | 1277 | 511 | 511 |
| 512 | 1025 | 3578 | 2557 | 1023 | 1023 |
| 1024 | 2049 | 7162 | 5117 | 2047 | 2047 |

## Multipliers

### Schoolbook Mult
| n | Width | Total Gates | Total Depth | Toffoli Count | Toffoli Depth |
|---|-------|-------------|-------------|---------------|---------------|
| 8 | 32 | 64 | 22 | 64 | 22 |
| 16 | 64 | 256 | 46 | 256 | 46 |
| 32 | 128 | 1024 | 94 | 1024 | 94 |
| 64 | 256 | 4096 | 190 | 4096 | 190 |
| 128 | 512 | 16384 | 382 | 16384 | 382 |
| 256 | 1024 | 65536 | 766 | 65536 | 766 |
| 512 | 2048 | 262144 | 1534 | 262144 | 1534 |
| 1024 | 4096 | 1048576 | 3070 | 1048576 | 3070 |

### Karatsuba (Mod)
| n | Width | Total Gates | Total Depth | Toffoli Count | Toffoli Depth |
|---|-------|-------------|-------------|---------------|---------------|
| 8 | 24 | 221 | 89 | 45 | 42 |
| 16 | 48 | 843 | 257 | 135 | 123 |
| 32 | 96 | 3029 | 735 | 405 | 366 |
| 64 | 192 | 10611 | 2124 | 1215 | 1095 |
| 128 | 384 | 36941 | 6202 | 3645 | 3282 |
| 256 | 768 | 129243 | 18260 | 10935 | 9843 |
| 512 | 1536 | 457349 | 54079 | 32805 | 29526 |
| 1024 | 3072 | 1642371 | 160832 | 98415 | 88575 |

### Toom-Cook 3
| n | Width | Total Gates | Total Depth | Toffoli Count | Toffoli Depth |
|---|-------|-------------|-------------|---------------|---------------|
| 9 | 354 | 11349 | 5503 | 1470 | 1197 |
| 18 | 576 | 23955 | 12517 | 2790 | 2301 |
| 27 | 798 | 40857 | 22537 | 4398 | 3693 |
| 36 | 1020 | 62061 | 35563 | 6294 | 5373 |
| 45 | 1242 | 87567 | 51595 | 8478 | 7341 |
| 54 | 1464 | 117375 | 70633 | 10950 | 9597 |
| 63 | 1686 | 151485 | 92677 | 13710 | 12141 |
| 72 | 1908 | 189897 | 117727 | 16758 | 14973 |
| 90 | 2352 | 279627 | 176845 | 23718 | 21501 |
| 108 | 2796 | 386565 | 247987 | 31830 | 29181 |
| 126 | 3240 | 510711 | 331153 | 41094 | 38013 |

## Reductions

### Schoolbook Reduction
| n | Width | Total Gates | Total Depth | Toffoli Count | Toffoli Depth |
|---|-------|-------------|-------------|---------------|---------------|
| 8 | 58 | 2552 | 1091 | 512 | 512 |
| 16 | 114 | 10096 | 4227 | 2048 | 2048 |
| 32 | 226 | 40160 | 16643 | 8192 | 8192 |
| 64 | 450 | 160192 | 66051 | 32768 | 32768 |
| 128 | 898 | 639872 | 263171 | 131072 | 131072 |

### Montgomery Mult
| n | Width | Total Gates | Total Depth | Toffoli Count | Toffoli Depth |
|---|-------|-------------|-------------|---------------|---------------|
| 8 | 60 | 3184 | 2692 | 34 | 34 |
| 16 | 116 | 11720 | 9972 | 66 | 66 |
| 32 | 228 | 44920 | 38356 | 130 | 130 |
| 64 | 452 | 175832 | 150420 | 258 | 258 |
| 128 | 900 | 695704 | 595732 | 514 | 514 |

### Barrett Redux
| n | Width | Total Gates | Total Depth | Toffoli Count | Toffoli Depth |
|---|-------|-------------|-------------|---------------|---------------|
| 8 | 74 | 5906 | 5644 | 36 | 36 |
| 16 | 127 | 15906 | 15273 | 68 | 68 |
| 32 | 239 | 50434 | 48713 | 132 | 132 |
| 64 | 463 | 177858 | 172425 | 260 | 260 |
| 128 | 911 | 666178 | 647177 | 516 | 516 |


#run con parametri diversi 

## Adders

### Cuccaro Adder
| n | Width | Depth | D x W | Toffoli | CNOT | H | X |
|---|-------|-------|-------|---------|------|---|---|
| 8 | 17 | 36 | 612 | 16 | 40 | 0 | 16 |
| 16 | 33 | 68 | 2244 | 32 | 80 | 0 | 32 |
| 32 | 65 | 132 | 8580 | 64 | 160 | 0 | 64 |
| 64 | 129 | 260 | 33540 | 128 | 320 | 0 | 128 |
| 128 | 257 | 516 | 132612 | 256 | 640 | 0 | 256 |
| 256 | 513 | 1028 | 527364 | 512 | 1280 | 0 | 512 |
| 512 | 1025 | 2052 | 2103300 | 1024 | 2560 | 0 | 1024 |
| 1024 | 2049 | 4100 | 8400900 | 2048 | 5120 | 0 | 2048 |

### TKK Adder
| n | Width | Depth | D x W | Toffoli | CNOT | H | X |
|---|-------|-------|-------|---------|------|---|---|
| 8 | 17 | 37 | 629 | 15 | 35 | 0 | 0 |
| 16 | 33 | 77 | 2541 | 31 | 75 | 0 | 0 |
| 32 | 65 | 157 | 10205 | 63 | 155 | 0 | 0 |
| 64 | 129 | 317 | 40893 | 127 | 315 | 0 | 0 |
| 128 | 257 | 637 | 163709 | 255 | 635 | 0 | 0 |
| 256 | 513 | 1277 | 655101 | 511 | 1275 | 0 | 0 |
| 512 | 1025 | 2557 | 2620925 | 1023 | 2555 | 0 | 0 |
| 1024 | 2049 | 5117 | 10484733 | 2047 | 5115 | 0 | 0 |

### QFT Adder
| n | Width | Depth | D x W | Toffoli | CNOT | H | X |
|---|-------|-------|-------|---------|------|---|---|
| 8 | 16 | 40 | 640 | 0 | 0 | 16 | 0 |
| 16 | 32 | 80 | 2560 | 0 | 0 | 32 | 0 |
| 32 | 64 | 160 | 10240 | 0 | 0 | 64 | 0 |
| 64 | 128 | 320 | 40960 | 0 | 0 | 128 | 0 |
| 128 | 256 | 640 | 163840 | 0 | 0 | 256 | 0 |

## Multipliers

### Schoolbook Mult
| n | Width | Depth | D x W | Toffoli | CNOT | H | X |
|---|-------|-------|-------|---------|------|---|---|
| 8 | 32 | 22 | 704 | 64 | 0 | 0 | 0 |
| 16 | 64 | 46 | 2944 | 256 | 0 | 0 | 0 |
| 32 | 128 | 94 | 12032 | 1024 | 0 | 0 | 0 |
| 64 | 256 | 190 | 48640 | 4096 | 0 | 0 | 0 |
| 128 | 512 | 382 | 195584 | 16384 | 0 | 0 | 0 |
| 256 | 1024 | 766 | 784384 | 65536 | 0 | 0 | 0 |
| 512 | 2048 | 1534 | 3141632 | 262144 | 0 | 0 | 0 |
| 1024 | 4096 | 3070 | 12574720 | 1048576 | 0 | 0 | 0 |

### Karatsuba (Mod)
| n | Width | Depth | D x W | Toffoli | CNOT | H | X |
|---|-------|-------|-------|---------|------|---|---|
| 8 | 24 | 89 | 2136 | 45 | 120 | 0 | 0 |
| 16 | 48 | 257 | 12336 | 135 | 468 | 0 | 0 |
| 32 | 96 | 735 | 70560 | 405 | 1632 | 0 | 0 |
| 64 | 192 | 2124 | 407808 | 1215 | 5364 | 0 | 0 |
| 128 | 384 | 6202 | 2381568 | 3645 | 17040 | 0 | 0 |
| 256 | 768 | 18260 | 14023680 | 10935 | 53028 | 0 | 0 |
| 512 | 1536 | 54079 | 83065344 | 32805 | 162912 | 0 | 0 |
| 1024 | 3072 | 160832 | 494075904 | 98415 | 496404 | 0 | 0 |

### Toom-Cook 3
| n | Width | Depth | D x W | Toffoli | CNOT | H | X |
|---|-------|-------|-------|---------|------|---|---|
| 9 | 354 | 5503 | 1948062 | 1470 | 5711 | 0 | 1470 |
| 18 | 576 | 12517 | 7209792 | 2790 | 10973 | 0 | 2790 |
| 27 | 798 | 22537 | 17984526 | 4398 | 17525 | 0 | 4398 |
| 36 | 1020 | 35563 | 36274260 | 6294 | 25373 | 0 | 6294 |
| 45 | 1242 | 51595 | 64080990 | 8478 | 34517 | 0 | 8478 |
| 54 | 1464 | 70633 | 103406712 | 10950 | 44957 | 0 | 10950 |
| 63 | 1686 | 92677 | 156253422 | 13710 | 56693 | 0 | 13710 |
| 72 | 1908 | 117727 | 224623116 | 16758 | 69725 | 0 | 16758 |
| 90 | 2352 | 176845 | 415939440 | 23718 | 99677 | 0 | 23718 |
| 108 | 2796 | 247987 | 693371652 | 31830 | 134813 | 0 | 31830 |
| 126 | 3240 | 331153 | 1072935720 | 41094 | 175133 | 0 | 41094 |

## Reductions

### Schoolbook Reduction
| n | Width | Depth | D x W | Toffoli | CNOT | H | X |
|---|-------|-------|-------|---------|------|---|---|
| 8 | 58 | 1091 | 63278 | 512 | 1336 | 0 | 704 |
| 16 | 114 | 4227 | 481878 | 2048 | 5232 | 0 | 2816 |
| 32 | 226 | 16643 | 3761318 | 8192 | 20704 | 0 | 11264 |
| 64 | 450 | 66051 | 29722950 | 32768 | 82368 | 0 | 45056 |
| 128 | 898 | 263171 | 236327558 | 131072 | 328576 | 0 | 180224 |

### Montgomery Mult
| n | Width | Depth | D x W | Toffoli | CNOT | H | X |
|---|-------|-------|-------|---------|------|---|---|
| 8 | 60 | 2692 | 161520 | 34 | 108 | 0 | 314 |
| 16 | 116 | 9972 | 1156752 | 66 | 212 | 0 | 1130 |
| 32 | 228 | 38356 | 8745168 | 130 | 420 | 0 | 4298 |
| 64 | 452 | 150420 | 67989840 | 258 | 836 | 0 | 16778 |
| 128 | 900 | 595732 | 536158800 | 514 | 1668 | 0 | 66314 |

### Barrett Redux
| n | Width | Depth | D x W | Toffoli | CNOT | H | X |
|---|-------|-------|-------|---------|------|---|---|
| 8 | 74 | 5644 | 417656 | 36 | 128 | 0 | 44 |
| 16 | 127 | 15273 | 1939671 | 68 | 240 | 0 | 76 |
| 32 | 239 | 48713 | 11642407 | 132 | 464 | 0 | 140 |
| 64 | 463 | 172425 | 79832775 | 260 | 912 | 0 | 268 |
| 128 | 911 | 647177 | 589578247 | 516 | 1808 | 0 | 524 |