0_X_[0] 1
1_CNOT_[0, 16] 2
2_CCNOT_[16, 4, 0] 3
3_CCNOT_[16, 5, 1] 4
4_CCNOT_[16, 6, 2] 5
5_CCNOT_[16, 7, 3] 6

6_CNOT_[0, 17] 4
7_CCNOT_[17, 8, 0] 5
8_CCNOT_[17, 9, 1] 6
9_CCNOT_[17, 10, 2] 7
10_CCNOT_[17, 11, 3] 8

11_CNOT_[0, 18] 6
12_CCNOT_[18, 12, 0] 7
13_CCNOT_[18, 13, 1] 8
14_CCNOT_[18, 14, 2] 9
15_CCNOT_[18, 15, 3] 10
16_X_[0] 8

17_CNOT_[4, 22] 4
18_CNOT_[22, 4] 5
19_CCNOT_[22, 1, 5] 9
20_CCNOT_[22, 2, 6] 10
21_CCNOT_[22, 3, 7] 11

22_CNOT_[8, 23] 6
23_CNOT_[23, 8] 7
24_CCNOT_[23, 1, 9] 10
25_CCNOT_[23, 2, 10] 11
26_CCNOT_[23, 3, 11] 12

27_CNOT_[12, 24] 8
28_CNOT_[24, 12] 9
29_CCNOT_[24, 1, 13] 11
30_CCNOT_[24, 2, 14] 12
31_CCNOT_[24, 3, 15] 13
32_X_[5] 10

33_CNOT_[5, 19] 11
34_CCNOT_[19, 9, 5] 12
35_CCNOT_[19, 10, 6] 13
36_CCNOT_[19, 11, 7] 14
37_CNOT_[5, 20] 13
38_CCNOT_[20, 13, 5] 14
39_CCNOT_[20, 14, 6] 15
40_CCNOT_[20, 15, 7] 16
41_X_[5] 15

42_CNOT_[1, 25] 12
43_CNOT_[25, 1] 13
44_CCNOT_[25, 6, 2] 16
45_CCNOT_[25, 7, 3] 17

46_CNOT_[9, 26] 13
47_CNOT_[26, 9] 14
48_CCNOT_[26, 6, 10] 17
49_CCNOT_[26, 7, 11] 18

50_CNOT_[13, 27] 15
51_CNOT_[27, 13] 16
52_CCNOT_[27, 6, 14] 18
53_CCNOT_[27, 7, 15] 19
54_X_[10] 18

55_CNOT_[10, 21] 19
56_CCNOT_[21, 14, 10] 20
57_CCNOT_[21, 15, 11] 21
58_X_[10] 21

59_CNOT_[2, 28] 17
60_CNOT_[28, 2] 18
61_CCNOT_[28, 11, 3] 22

62_CNOT_[6, 29] 19
63_CNOT_[29, 6] 20
64_CCNOT_[29, 11, 7] 23

65_CNOT_[14, 30] 21
66_CNOT_[30, 14] 22
67_CCNOT_[30, 11, 15] 24
68_CNOT_[3, 31] 23
69_CNOT_[31, 3] 24
70_CNOT_[7, 32] 24
71_CNOT_[32, 7] 25
72_CNOT_[11, 33] 25
73_CNOT_[33, 11] 26

r: 4, CCNOT: 38, depth: 26, max depth qbits: [11, 33]/34, corresponding to ['H[2,3]', 'C[11]']
